0101010111101010101010101001010101010001011111010101010101010101010011011010100100111100111001100101
0101010111101010101010101001010101010001011111010101010101010101010011011010100100111100111001100101
0101010111101010101010101001010101010001011111010101010101010101010011011010100100111100111001100101
0101010111101010101010101001010101010001011111010101010101010101010011011010100100111100111001100101
0101010111101010101010101001010101010001011111010101010101010101010011011010100100111100111001100101
0101010111101010101010101001010101010001011111010101010101010101010011011010100100111100111001100101
0101010111101010101010101001010101010001011111010101010101010101010011011010100100111100111001100101
0101010111101010101010101001010101010001011111010101010101010101010011011010100100111100111001100101
0101010111101010101010101001010101010001011111010101010101010101010011011010100100111100111001100101
0101010111101010101010101001010101010001011111010101010101010101010011011010100100111100111001100101
0101010111101010101010101001010101010001011111010101010101010101010011011010100100111100111001100101
0101010111101010101010101001010101010001011111010101010101010101010011011010100100111100111001100101
0101010111101010101010101001010101010001011111010101010101010101010011011010100100111100111001100101
0101010111101010101010101001010101010001011111010101010101010101010011011010100100111100111001100101
0101010111101010101010101001010101010001011111010101010101010101010011011010100100111100111001100101
0101010111101010101010101001010101010001011111010101010101010101010011011010100100111100111001100101
0101010111101010101010101001010101010001011111010101010101010101010011011010100100111100111001100101
